33793
50300
1110
6170
25636
19122
6160
59004
46426
3840
17458
24471
61261
8266
40243
71227
41284
12496
22229
16577
2838
862
3961
22459
14441
66084
28767
19105
642
7415
17792
69306
25707
52693
65951
39567
23700
60272
1973
69951
42811
29465
162
14308
63118
2435
19876
39892
12008
42795
71715
28653
42740
34574
74139
45633
73497
41260
74035
10274
660
9739
21899
599
68454
1676
27429
5708
52315
56553
68197
8017
62899
30550
1293
66040
34543
23928
5092
71438
71941
61034
53478
12386
64070
48542
10530
61995
69685
57914
65696
24257
3922
34668
13183
39467
43887
47973
26061
61347
36861
9755
11339
63340
31284
20285
5946
38808
13284
26192
63251
16950
7938
16608
4827
51343
51244
13664
7204
23586
30283
43043
40778
26976
66756
24127
1765
260
41986
52055
620
19547
6004
3265
54650
26995
21433
27962
72810
17073
53574
11358
70996
39869
35161
63441
27219
27671
14467
8704
22142
15626
63730
31476
57879
69352
70103
44690
55732
30932
34077
32926
25056
67738
11326
25682
50875
25435
37429
7717
16314
9450
31989
59775
37366
12320
59007
46104
74655
69711
75343
20043
20396
23994
21778
54539
76827
2961
49597
50879
51325
13425
30275
9787
35909
41564
51013
45285
40260
57215
22433
20078
44061
64395
60757
18879
43278
15961
21393
76970
29001
13867
76756
4844
28686
68163
38928
1918
5780
53560
71368
48927
781
14748
58247
25243
57336
57888
36575
5336
74109
195
6187
29925
67557
56134
17737
47574
51424
2360
38671
42554
407
45598
33655
29390
18509
18455
1935
65632
34972
58978
12721
14615
26978
51193
62910
64859
49263
48154
39696
14919
53169
19248
51330
26511
51977
48139
1515
60231
26040
51652
28267
13407
58879
21860
14888
46664
41009
62098
57329
9906
36314
37224
60588
8985
16210
18306
62460
50836
75627
50701
44804
60182
58690
55093
76484
9583
15991
27151
3827
11876
38870
46467
17724
50764
52202
12781
74120
68744
50380
64417
510
19241
36350
156
20069
49340
67903
43167
40886
61423
52141
66556
7922
15486
48299
26663
32567
27517
45711
56858
14648
32822
3405
62740
58930
54388
8271
5582
76940
25842
64633
16133
14508
43587
16877
68812
33923
31400
28167
42703
34598
51370
64896
7121
19472
72865
38641
15600
70161
14060
7098
44979
3385
74694
69098
72899
56126
25745
40426
50217
49728
18322
73240
52921
12830
70131
70385
41227
51426
31423
10820
58788
69345
64844
16177
40284
14882
6736
12382
76832
63198
11034
21005
15097
59654
55448
72482
70023
4902
34235
67067
39472
43099
55309
71018
45844
27863
54899
17444
33080
6537
36679
53153
18856
67005
16310
2024
75095
14804
51834
41020
66066
44880
42014
48805
41956
16580
63323
6873
74003
40176
6485
71761
20845
34239
13579
66325
75915
67680
33489
13367
68042
43092
43100
9404
44461
72330
20183
10473
9771
52064
26324
37149
66030
24289
5082
74374
26000
73975
15606
10215
47527
1989
6488
72478
18375
48334
462
70439
13009
22063
67160
47529
48255
65618
54049
55774
22079
48311
75171
56136
56736
70106
55925
53054
21077
50909
1487
47167
62625
22979
31467
57306
5353
5419
62923
7607
17465
55779
72460
13566
49520
19097
15419
51593
27976
53000
20063
14914
2265
44592
8222
35029
27270
4430
55514
30384
66820
18698
22922
25060
44048
68083
62086
70704
48301
68030
73577
34599
41769
41093
44613
76899
66295
43961
59620
22559
47061
69478
19060
69071
65612
1926
67330
26303
70433
5009
75762
12580
60007
17244
70794
36005
10133
62850
48663
49140
61225
43937
73595
36158
43141
21232
5675
67772
49967
67564
5172
16231
4127
12485
59556
9765
59940
795
43139
19689
7875
52576
33792
54652
64447
49662
39340
52639
54373
27705
24794
69612
20691
51100
10568
60811
25276
2991
54681
76632
40391
35416
43254
18927
34246
11259
51899
45211
32633
75261
5747
63636
35071
21385
58025
32327
51138
66965
32478
63160
11855
46831
56401
24687
3588
65022
12919
28864
34985
3726
48682
9434
74433
495
42794
51964
17880
25825
59988
61111
20503
30464
53095
26795
6200
34135
60156
11108
14178
73039
62222
22095
16614
6418
12519
34149
76491
57014
44572
66858
70482
74853
2399
74633
36636
11754
41537
7729
1955
61821
26563
10262
61209
38597
59705
37794
56511
76946
8317
74849
14991
30602
70592
12988
56959
8468
41202
40342
6804
68355
2735
62882
25983
72720
1395
55437
8199
54996
64741
54044
9608
66644
62597
64691
74401
48722
30213
44980
71838
47129
27392
65456
59821
28364
23065
24157
29564
5859
45535
47781
74301
76409
52003
2056
62089
51010
2996
60284
15471
75205
5501
46407
9406
76248
25259
18125
37405
1309
36528
30873
24537
55820
39527
14418
16119
33826
44633
36276
29299
63181
67657
67634
31399
50553
9907
28665
20659
35686
803
56885
4744
67893
59900
27686
16117
43287
57534
19592
286
63037
66146
27041
31269
58634
67372
11874
67800
34764
4742
21839
48231
49995
21591
47169
45538
46871
54905
59639
69794
43905
20316
23846
10178
43914
10868
26585
72176
8668
30522
65241
22168
49767
54513
31626
7344
28119
14633
16009
33995
13924
40936
1755
33795
23373
41363
53977
20077
35681
63725
51186
70841
40593
14416
18778
57554
13317
10819
39562
29144
38629
19617
25361
76001
38357
27069
46846
17812
63203
68335
65500
64961
40094
68180
33528
75911
45410
46835
55834
48257
48362
24917
29961
56414
66782
2426
42974
53659
63281
75312
6199
45610
25109
72245
20054
50057
16705
37877
54509
72249
60407
37061
46298
25661
47856
14362
14106
51496
76947
48184
7075
35462
71457
13447
54404
54131
70011
70731
22599
37234
8011
65619
45879
11422
57635
55995
2997
46909
11093
10779
21165
64284
34877
45442
47494
13909
41385
52183
18406
59056
20886
34270
51736
34808
48627
72275
65065
69258
56874
25549
20180
21155
54218
48997
75243
18621
6792
58270
6047
60374
32000
11532
65506
43717
43517
58626
40525
9802
48981
75566
27908
1335
11594
31769
38413
32412
1980
3224
9830
57767
74426
42420
57055
18733
21008
57069
69178
6014
9323
43825
2798
30198
17871
44558
10245
17011
52074
56945
15928
42772
2634
46023
56933
70493
68732
30302
25406
41406
24967
56657
43493
3158
31956
60815
48459
68008
23545
61752
5261
3047
23172
31604
57184
68413
11232
21436
22925
74699
49660
26628
76204
52176
45132
38051
70708
48036
60232
69805
19693
33370
38703
41862
40927
38580
72057
14940
28756
11364
74593
49607
38856
11554
74012
39719
33484
43584
902
14897
10547
15970
37212
19856
27162
8415
76817
66831
22743
74519
5099
7722
50831
24624
7072
59364
1812
58030
40699
38480
62880
73762
32680
48097
49740
44849
42852
42051
68347
35200
25248
22917
42485
44810
70888
34258
30305
31319
48504
22831
24003
27739
75740
43943
13622
62284
38582
65673
1891
5010
32161
36037
65757
45033
12415
22488
65324
41947
5236
6203
54180
8604
71376
57804
44130
16131
24581
27571
59507
27176
55963
76997
19979
5514
7807
75842
71628
23755
26909
1004
17371
37940
61337
63735
51677
49394
40641
24210
59019
58625
68324
64385
12681
43199
3662
39580
4963
19392
49388
37346
2392
28072
68576
24183
16964
12406
49207
52687
21291
36417
76687
10712
32065
55959
2800
47446
59766
32549
40171
58429
27460
18339
13181
63769
12140
65224
4876
14837
47157
20884
50960
17720
74261
45658
64999
68035
41724
43495
64654
17683
24546
34113
31895
16637
5796
53738
54857
10697
46918
14267
47811
8823
74909
17543
67079
73995
75661
6845
29528
21012
48708
58665
26176
19987
63510
30768
33782
42114
8852
62116
54273
32356
23572
71149
5556
52234
76233
8749
17119
46512
50755
18913
32233
68383
29868
66567
579
64816
14726
50361
43792
53766
33479
66802
57614
73380
40609
63437
66099
5879
21887
11312
3124
69798
39416
1723
11592
63200
59351
10857
32092
20830
20643
55245
23818
44151
37298
47043
59308
30321
31843
37303
22194
75748
42331
53572
26449
69695
34798
4697
57988
73792
41388
4388
51146
37779
44063
63796
55064
64221
15521
8862
13482
22458
28635
21535
52063
69840
67665
11654
46674
66488
3424
27697
31733
37042
36336
8504
52719
54577
34914
56804
23881
40673
4942
16695
34836
69916
49623
43107
3392
62712
1049
14012
31849
40446
32603
18847
47649
34854
52254
57207
71108
46374
61146
35593
71819
64045
50150
12712
49435
39765
28037
69528
7505
34323
51792
31358
70694
74184
9562
33702
11904
66949
17866
22856
54712
37173
28596
29439
38325
32795
69732
41442
53344
51295
72699
39170
31433
22235
44133
62921
15389
11980
47223
7023
10789
22994
52911
3778
54262
4711
73250
56667
2770
52582
43483
45619
66
18882
5437
68135
172
12976
39192
32569
72203
50493
2836
71587
49775
28926
17901
60157
32942
12126
9517
62240
68275
13339
34778
74598
63016
11126
5584
64245
27769
45958
8546
30931
50792
25710
8367
64254
46447
5374
10797
44098
68075
14471
35774
30837
33395
9589
1668
55183
2469
41299
74642
65389
7519
72596
76696
44596
52994
11717
64425
16807
47139
35028
65644
68713
47577
56228
61970
51028
48095
47944
40870
73987
19811
30616
34175
27050
57218
14033
48608
72541
76805
12290
55372
27573
12106
13970
43898
66526
32886
64964
74083
44608
74361
1222
52549
69512
67392
56780
34847
5309
28363
60382
60495
14409
25162
32257
24600
48715
46767
47189
61317
91
59481
24016
3278
75596
62970
71297
45838
60475
49724
15418
38186
49434
11853
46588
7573
68193
62274
62554
14563
53808
4734
16569
30790
25370
76954
40453
10172
16848
73557
57755
10623
41663
63677
68558
20047
10631
61013
13251
68341
5906
34800
65828
22137
5409
19485
49993
69727
38086
71295
33142
55212
40743
43654
64436
1064
65003
144
38589
7894
57569
26664
23855
19474
72154
22278
51614
2631
50131
27358
4553
17367
61844
19613
43189
72847
65414
30914
69721
46413
74724
74093
57709
35688
67003
4956
33747
32708
11536
1328
53191
22808
49521
67899
17417
15584
70563
39141
8844
47741
60916
53952
46739
42470
55609
199
24185
43944
32167
41988
67902
62139
5207
34601
39738
4861
63489
2461
76526
45860
36254
64156
10557
27905
1407
66432
3523
6380
16013
17779
15045
5237
50004
47901
49656
71682
73026
11814
11637
55211
41839
50819
40194
13261
16051
73217
29908
6257
25275
21920
38497
74106
51843
14891
46044
58295
40596
27340
33851
23014
21521
16139
72442
20221
66771
67746
10463
29442
18616
60018
73264
7525
24248
70197
16282
70874
5461
15770
16966
3335
76141
27594
41766
17079
60331
63992
75739
1370
41094
24918
63178
67729
22268
5955
26631
50679
13313
42927
63100
58456
76289
34770
29758
32206
51017
44451
24491
70238
13578
74461
3512
43908
10427
40745
1015
39043
54405
46131
43700
3609
51818
2603
28109
28867
50951
8435
40946
21256
70420
48025
52440
23530
9131
47734
24336
75668
41896
6368
55979
49723
46780
47909
52607
53480
5983
2568
33482
47695
17944
36341
9988
56017
51173
43514
61150
71647
9420
61567
64531
20489
14548
57185
9082
64832
18354
71768
76578
68315
24005
33840
75446
38445
41453
17090
18483
14148
70923
6794
7334
24518
35178
40692
16209
43128
38972
48510
69529
6266
60466
52593
71556
52521
35150
20095
43665
38474
20706
73851
342
76528
4983
7280
75198
46860
27039
62302
6205
27852
32582
72157
61489
27066
47238
73072
64299
58176
48244
43903
32575
2410
47557
64168
64603
4013
19210
14842
27391
31290
34524
52110
22336
27964
38440
71248
17327
45775
13387
10020
71985
46122
51517
7108
42082
52058
38467
4849
32064
10999
27951
47541
6354
10732
27968
34823
9565
43814
30270
16971
36327
71136
16007
61138
18289
40619
57714
7203
13337
53847
20769
11132
42235
22845
16548
47378
38952
56338
74084
22293
28919
48105
26384
76597
56257
3269
63115
76675
9980
19329
51974
10859
37947
42548
10097
64798
45516
49216
8002
52425
12817
72773
66289
13845
72987
54372
5227
48958
35539
39809
67112
12235
42537
59978
41220
45998
55521
69670
5854
69228
47173
21864
65762
28493
58437
69385
57074
2085
61476
40406
58360
10285
8339
2614
29511
75765
54641
47999
23006
43270
27169
36672
76060
45785
20524
32747
62782
33045
12543
74218
52651
37950
19933
32011
62500
28454
21083
44363
76376
24958
56090
57572
47779
62559
10441
53306
75794
59391
38836
47519
35941
46499
46164
3579
49526
25408
45582
26691
46525
22448
36926
44043
58750
24854
70818
59589
68884
18527
40766
32919
66205
21566
68798
21195
62046
62228
11473
46703
14666
17168
41827
62107
28131
12141
37701
45885
31169
17908
12945
54037
68624
58807
41072
47357
67507
38028
68882
27871
43607
75578
58138
58134
14854
12715
23191
74568
50058
