9584
48691
13945
5458
67754
67942
57388
4971
67738
28973
50292
17223
19158
62759
11088
7306
76323
12630
67711
20704
12142
38916
40992
54296
49554
47771
6418
8375
660
62271
846
67073
36654
23949
74871
28040
35458
10795
71903
58143
17261
65262
17274
4779
23523
50128
72592
42270
30149
40010
45075
18178
74602
68602
52128
47119
44783
73609
20436
61946
61307
60849
10681
31986
21719
57032
76082
32438
72077
26080
34367
52193
72953
64234
13535
51521
67600
45518
1513
76496
23406
30462
60264
50712
76230
1178
44616
3136
62988
22552
6555
62923
63949
55649
42515
46458
75081
71022
74716
19612
15738
26362
42069
24428
13445
51486
65541
16190
63548
54045
6132
44444
70295
55093
2406
13773
60873
12622
576
39990
66536
39148
7664
2695
72362
59282
55639
70567
46311
32487
19776
56070
12909
26958
28594
75952
43660
38076
47261
46877
63883
30601
67016
49117
57935
59171
1663
41418
15095
72585
9438
59869
72705
50684
58109
75339
68379
18915
57729
56530
57373
31020
6723
15718
72768
53554
38281
21582
37437
49924
17005
60723
3394
22620
49901
67499
68417
21235
21066
71874
65063
59795
6823
19986
44505
35356
73144
66770
38616
55941
34687
76540
26323
45674
50626
67802
38
38637
51701
697
64342
56736
53822
31636
39884
70105
74059
63774
11920
69719
39042
52123
43550
53205
67957
53347
44869
19747
47641
19314
35122
16317
17752
66643
21101
63747
19175
33945
55677
48466
51504
24302
67467
49562
4484
64523
75452
13037
42426
40957
52909
67242
41305
20026
67774
17630
37865
19420
5692
20107
40703
42772
55878
50898
67540
33939
57246
71907
22791
53790
44839
70277
1664
30748
56973
38905
31977
40451
69108
25779
71262
2195
18030
48334
45730
13626
61054
39526
35142
75591
28939
61058
36102
57366
495
55367
33270
2450
50168
25350
39187
52908
67574
12968
14365
43728
76213
48377
54047
9296
31604
27498
35355
30397
213
15353
54476
53710
6647
21034
53486
62961
74125
56110
15599
4370
73114
26996
57044
517
52923
26222
33192
13298
13322
13461
22302
17446
11366
66351
7104
59347
55605
39480
28982
17021
37127
30711
69399
64727
17421
19638
50553
789
76149
34011
37034
14962
58324
23725
59097
17084
52625
6169
18398
46648
8358
2321
326
36775
72142
28507
43510
42039
3938
57054
76191
24092
53966
10048
77012
57350
71935
55525
58950
50791
43385
16450
42997
60758
39056
73483
16003
9909
48119
56252
19778
13514
37867
27231
17493
38899
32006
32699
12046
44913
58075
17721
25850
51123
44562
7485
75501
37521
52819
3010
25049
19718
62181
72899
682
8982
12807
56046
76202
6078
56036
64418
2977
9336
59847
36803
43548
29846
66075
35705
69422
51020
64391
4292
36624
14578
72420
71264
49730
3148
29911
53593
5431
32931
63420
59913
67850
43473
29293
58765
56437
55694
18975
21261
12210
48134
66605
44566
15533
17340
48855
5498
50195
44786
20177
56874
59721
60143
36574
27875
36799
76104
35642
26330
74310
64159
49042
46242
16244
44146
73842
69675
11564
18780
59771
46033
61797
49958
713
52884
28101
27679
24499
40647
10978
6199
21627
8109
65075
69525
39251
62825
43255
29861
49331
18374
69516
64875
25091
22709
61896
33074
40510
46117
22543
70135
23745
30284
30078
6113
11520
36009
14963
43551
48152
33773
57837
24603
57189
61004
12424
33769
45136
11156
75643
59288
871
75326
23780
71979
49203
4679
51124
18296
62285
16933
41171
61011
62948
14949
44611
59332
50986
23494
39726
56064
48008
60079
60595
21041
32890
30468
49439
21546
12033
7781
74330
68834
48633
55595
43804
3367
66736
4009
51735
74342
7221
41579
1750
61192
35094
18731
64609
28792
15349
28478
32045
10029
74160
904
18338
75504
23062
23925
8079
40285
50314
35236
20198
36415
36718
44086
3287
35572
42236
34697
44591
26022
42807
73645
22946
70783
75616
57417
63276
74795
74044
56772
30426
10198
9200
63206
37604
15752
3588
64202
33302
76285
7668
29177
3220
4324
2340
52192
45253
925
49299
13762
70618
69703
63593
6158
33780
76604
46701
70342
67017
74075
23845
28583
8952
47962
53390
45094
19460
50047
29289
35303
13190
62793
2786
53904
7719
152
30329
6798
900
36662
59146
47848
74559
51707
31872
40998
34171
51121
69391
63611
10203
17441
75732
4836
48772
13588
18556
42209
33768
72296
4145
49657
58343
65366
5721
5143
64314
17233
44481
25736
1288
24709
73823
11646
63422
15544
2868
47303
11420
9421
39955
21937
69071
9298
61666
70309
22870
26957
68104
76087
63851
29956
43448
26722
24304
43384
9235
11874
18344
5788
8793
52485
64959
38144
61618
55813
69666
840
67196
52477
49416
59179
41584
33424
20017
22567
25585
66926
38513
587
55750
3649
42773
29340
20995
50111
31537
74560
14576
19464
71941
61076
12733
36053
40272
21508
47621
40683
72919
32348
2445
42710
36281
28041
43950
73208
64313
33707
21379
75382
10216
65687
40407
58538
40214
61937
58266
13203
23584
19569
41642
65081
35949
6026
63757
20607
70957
19095
18852
44123
63999
14250
27718
48467
65235
34224
68109
1237
43322
26391
9046
32833
55260
33463
39711
14065
37981
54376
20161
30611
64814
10026
70997
75779
47395
10123
66954
56027
63026
31882
6645
17390
55250
23742
59660
19004
31677
20193
38083
41315
57645
50443
21155
4681
43288
55517
71976
68542
69356
26331
56954
6532
24048
41845
21815
16525
35464
29568
12502
7910
51399
19886
28176
27018
17271
50975
4702
12148
64471
33471
38020
24986
73826
21124
2490
66819
45776
5045
25522
45761
22898
23371
4639
76970
47281
19492
24942
31606
68760
36210
47377
68137
17329
71060
10629
29410
27591
36064
38537
16235
63372
51180
28561
5186
8287
48340
8645
52859
52102
64996
69278
15501
75454
30961
49389
29020
11
66033
20983
15908
72346
33710
7657
23466
71249
71416
68303
58870
34347
32930
35571
58269
23637
30932
2475
55488
60209
8394
435
46207
10495
68488
73855
50793
49909
72143
44626
5066
65263
51541
21895
69402
75434
23379
22324
64866
7561
36307
46571
71719
28547
30803
49243
16949
35765
35527
13617
22063
41714
25279
41595
62568
32469
68487
72633
45609
18651
42805
28963
22229
15031
9177
221
20254
49649
67781
51138
28938
48452
65289
64021
12883
60458
22612
1599
75179
60337
64544
42420
60401
5828
51031
34196
1262
2448
34187
47491
13121
49318
71396
36059
68315
64964
6795
21999
20680
35288
29623
33604
15207
46343
25768
9354
63701
45473
49317
48708
38326
2869
51795
11279
62214
33936
58450
73649
15004
33872
10538
30065
28084
26605
16899
11215
28211
21203
61876
66563
5176
18485
68294
38147
67109
43539
26597
15253
16122
33664
67473
33213
24040
33573
8954
20786
73557
44947
19820
37555
70944
21095
43679
35645
68767
1134
75019
57257
57516
71120
3973
33242
63816
65828
68983
44857
70428
30333
63673
15160
19115
11039
11071
69793
58168
62685
58678
340
71990
42383
66807
487
8612
5874
10233
12732
38456
71692
35643
63551
67222
34374
44246
22078
17646
6963
42656
57906
15029
21834
37790
71601
47367
23554
24366
31299
54255
73566
5894
69942
41582
14238
44619
33728
21068
13004
30727
74569
50214
22901
7086
65436
30606
35808
34356
38490
24353
33753
7855
76223
55495
45087
44974
52866
14349
67951
58516
45928
18229
38442
68772
4030
64791
59729
49812
43462
28821
52981
33632
25110
37746
56274
49066
76321
69815
21633
214
48931
29419
36532
74214
76644
31925
22796
19571
62995
60116
11660
67273
54892
7295
47613
1751
36417
30179
5142
64196
25273
56912
27213
9420
24798
76441
46347
19693
42852
77004
3829
25942
58236
52221
5317
69875
70209
27954
60461
25222
33114
72852
39986
51029
33963
64532
1822
69938
67119
45117
27933
44934
47828
30159
70520
65645
62124
28380
22341
41299
27741
3114
46178
29478
68661
63517
43558
19556
76999
30791
69432
15214
7771
76134
63921
61256
2113
12144
23578
46149
63755
39972
58842
4642
6358
7258
38511
26657
13245
41596
73443
67054
29217
51028
71689
27173
25993
73623
34213
13635
49838
19403
60781
22338
29625
22787
27644
27023
39487
14389
59133
54440
40656
24956
26913
48211
11021
46858
2904
16672
40467
58696
58500
3140
50051
16742
44766
5362
21761
45744
53527
55967
56125
70263
68965
70043
27217
45005
18553
7223
121
51604
19203
10578
72327
59408
43276
906
64062
2927
1792
29803
12727
11310
15590
15491
11225
74751
12097
16914
35737
60369
38705
33612
21285
76582
48242
47750
29586
22396
34730
60185
24613
30165
66497
15634
19468
34430
21075
69616
62500
58471
63728
9672
750
65633
18735
41103
54252
17344
65857
48698
59095
26839
71401
41964
49247
12348
54073
4756
65882
30641
15733
58070
74725
23816
60155
36540
71623
60689
44021
71487
76997
15903
35019
62966
49338
6198
23873
11812
62946
54579
45088
49740
48959
1897
57232
30839
1985
30650
10596
73444
23137
39727
66407
67865
61246
42019
55337
41324
70001
20747
47671
27322
14651
59112
52650
41691
10457
50565
23968
54237
17091
57900
9000
14291
66649
22900
60169
30097
76089
26948
6783
55186
37968
23252
25827
12497
11716
53889
36877
37208
34661
23364
33662
15424
72778
29928
38030
65010
7571
29999
19707
10161
19684
1603
59822
14758
59383
6681
2184
33549
2091
69660
64621
43574
21835
23473
45816
74102
62366
62842
62580
60288
64707
9522
20184
71173
537
46220
35520
27475
72679
21689
40811
16833
70065
2201
76886
39845
40579
40945
27717
37480
16974
39038
4763
39322
27980
69495
39736
38480
52888
41084
2844
55329
71420
61392
42360
33947
59066
9732
64076
15327
72436
39695
6676
1914
58498
3221
72343
30314
62407
48114
76262
53383
76643
1360
66523
30392
11220
46128
29142
47257
69560
5758
2942
50021
70705
70174
54680
53146
62848
15824
71471
52558
69414
76546
42382
47347
63005
50835
47926
24826
23681
15968
1392
51336
72745
9657
26997
47758
68211
6323
38155
6363
76185
3100
15530
47850
48107
39581
73048
41608
36388
68280
36337
1398
73814
73930
19615
69930
44178
36385
17256
20925
15636
13529
20056
62000
4526
15377
64522
31408
60376
38017
43555
18403
56623
72950
23354
76868
15497
58288
72304
40080
19993
75625
71740
48393
72200
18865
14422
5619
64474
50246
44610
38151
43872
42903
56543
27768
64962
26374
61823
55340
23047
60690
12934
39331
26526
50226
31259
35004
48735
35529
69078
35490
10135
33255
20635
27462
36709
46350
73079
43776
21846
1633
38125
5753
58962
53493
57886
32620
67404
36404
42507
56140
14201
34029
23996
27983
2925
32163
36351
63140
59423
36089
25567
69892
55410
6966
43669
60785
14733
32775
67097
64181
20339
7774
36269
8975
39144
70925
27507
25405
35275
14189
1899
14929
37283
3523
3448
36163
3719
28971
51361
39718
6718
2565
74378
26503
46697
65621
62052
71788
18080
19137
18349
4555
60026
9186
37922
52082
69291
54432
77010
71374
34671
18571
55158
33748
46935
33839
66796
52989
15038
27333
58482
76649
72678
66671
26344
34841
13333
22479
50671
49036
48621
42485
13834
27434
8221
26466
11359
2993
34082
37781
1839
74395
69869
35588
75692
74796
9400
72996
14483
43056
41637
11901
29802
57654
55357
33784
20606
17380
35619
40194
21772
44141
710
27182
37624
56271
51395
72470
40836
20739
49122
5724
40767
32108
18217
62343
70699
67779
73258
50204
74739
48252
57724
6041
5207
53888
13074
10385
52787
43075
42991
64425
60980
59961
30134
377
34882
41364
45552
53788
58356
75023
63597
59745
6176
50106
30905
76029
7621
55471
9157
55003
61197
24292
69407
35457
41124
28382
2719
72007
33329
10707
24238
52668
52424
34194
48370
41404
67309
61271
23676
52262
3771
738
64706
4556
72548
32831
4736
46600
58277
46062
29045
26066
60856
58610
27720
45925
15850
16097
9110
66955
16550
66177
28772
69068
1045
1368
513
45339
56748
59242
33209
8848
8864
33222
2015
14036
31097
49175
8482
30612
20153
19641
46340
14421
47967
63293
54883
59808
75761
11749
15780
36733
58943
73482
75126
74402
43994
17236
20478
42197
31433
11700
52206
17554
15760
37443
31086
49198
36509
25292
53847
43849
12137
37279
32102
74030
26959
36434
46676
34717
31233
70820
65694
17429
1526
21946
53646
36396
61117
41803
65082
41738
19015
29707
75937
18539
34861
66714
5020
42435
66098
82
67176
66499
34110
17398
44912
48718
29344
30431
65800
32758
18357
44821
54150
51019
6634
3668
3146
72790
5462
48849
39119
45176
21330
33855
23088
37528
36887
40532
50522
55462
13668
39616
25044
6079
47025
34167
5165
23380
31095
40406
37792
3648
57531
41827
65373
18021
58781
22463
42358
60561
1186
55317
53465
21581
52549
17300
9729
18989
56786
66119
