42659
74318
52149
65144
30055
50514
61921
51651
2630
72275
59737
15371
50882
58870
27685
7692
63273
8013
6941
38439
52825
64206
24068
2046
50042
50026
3950
66557
12227
4679
194
8453
33926
73894
68958
50250
63103
68905
73845
71342
67191
65785
3930
72962
14989
8566
9155
42843
16675
24057
33117
49543
65659
70704
35594
12622
20285
9560
38232
38020
42238
21244
19070
70740
67430
20768
27889
22965
48170
62833
57180
24184
10247
41497
55018
5669
63512
30484
16737
56236
40010
17746
21713
37404
63194
25197
34876
16244
16120
777
42154
5565
33488
35099
17877
18873
60114
69394
67306
24468
72576
67574
50626
11509
37010
70067
27426
75912
55335
20915
58604
72004
17401
44157
47834
40685
56337
70080
152
41868
71020
66562
56326
24844
23114
6625
76484
45206
4140
10052
54792
26421
70991
39290
29127
50001
36878
44315
8576
9074
52038
76418
22898
9310
40541
28956
61141
2641
2219
46087
37694
30918
61189
4914
21220
12523
40283
891
50828
36531
22571
48070
25113
58252
20708
39493
4725
74087
47950
56760
7361
58762
11232
22123
34694
24028
56135
12857
1406
41878
28973
34866
13674
22785
55645
72444
44367
8037
57892
25991
58135
22005
13317
62919
30093
65109
36928
75982
35613
16935
68687
15450
57548
59696
25359
72102
27703
7093
10704
18348
24898
2263
15956
70412
63323
17937
75856
12232
54330
14764
30655
54822
6073
68655
8622
45970
71058
2289
31041
39942
32633
43312
12596
400
24490
67066
22985
49950
20528
7404
46781
52510
63988
7141
66525
60520
37136
25243
29760
14901
37865
20214
52685
23112
21852
24905
2481
67229
42245
68414
14705
48224
28044
72325
53321
17298
2520
45158
28995
2485
17825
4125
11735
18255
26234
56054
23508
53657
35514
47198
16499
68881
31685
76945
74875
72500
1187
57953
3603
75494
12085
54080
67828
76322
63608
58129
19642
5163
71721
16343
32472
42271
1587
76740
13896
66023
39586
22055
31874
50217
19724
58267
61675
74865
20278
5381
1091
64631
13776
10292
7909
59030
52599
39821
46384
302
52726
5179
43624
72636
67708
59232
50748
5269
23241
21814
65792
64638
53205
72070
74899
27978
50872
17873
22836
68939
67730
44671
68302
10205
62528
56000
24174
57603
50804
76373
12513
75549
39147
14652
39726
10510
38343
6472
52548
960
67244
69397
15172
13334
49227
11380
1019
14821
46325
63741
9841
30591
57486
8079
10349
47859
24822
22526
14796
76557
13165
5144
1111
24677
61622
70200
37617
43915
24454
24973
66642
23427
51084
68226
36516
18112
21972
56266
5580
75641
16488
26436
5843
60596
59020
14115
6189
26067
53702
43710
35368
50166
11649
21388
14747
67949
7235
65057
4831
53169
38115
30061
29469
42899
64794
30312
70698
53824
30237
11304
39669
68878
47992
44754
51140
1039
38916
61418
71926
55702
2692
38303
47855
10165
40525
64609
16178
76323
20030
4998
38824
60797
65357
29565
50501
44009
73190
32676
68185
15054
4938
68118
49690
33730
20348
15183
14931
66129
33022
62050
2929
55819
50288
17360
56011
44827
31186
39973
29933
21463
11621
59076
75182
4846
3881
65550
51064
48676
52422
37377
43092
66784
53554
65132
3961
69581
18439
23027
39843
2681
32541
40709
17058
52967
60332
46574
68370
14454
68735
74210
16118
62085
3151
27046
1576
55019
16153
74256
62573
67550
47084
38551
27279
41887
64988
37597
42538
59384
34262
37275
63329
42460
23011
42113
12854
72768
37387
36624
39260
48875
55380
15644
23780
9477
64091
55773
36592
5494
48501
13315
20469
28501
63064
55845
17130
18555
52849
31632
20781
32274
8714
8723
50545
73545
48811
69820
13997
70946
37989
21791
45322
24730
10582
60199
31018
73662
59601
58541
18310
52208
72736
72111
44186
43937
25885
15136
576
8880
7217
21715
48629
6635
982
51688
32838
51701
37003
13767
47632
60736
4230
42163
1521
55774
35131
68761
58527
64565
36571
73432
11319
30762
41786
57539
27354
233
66197
280
74364
2102
1040
70872
21895
43355
24370
30280
56810
15266
76506
75488
44137
67130
52203
38890
62578
13141
28558
64898
65133
8034
34159
30268
33000
33761
9882
10960
36051
69224
47539
61706
64149
32159
64016
52861
9762
3202
33290
68019
67754
27000
15325
2601
35478
51228
28951
4350
62804
48301
10982
72651
19238
65890
18640
26205
48197
22135
12033
18947
19612
6799
74439
39414
13270
71038
50100
55494
63526
28584
52048
14923
73939
51815
74320
36391
22422
27272
67266
13965
10647
29574
48574
10056
58951
16389
12642
9198
70270
55732
6030
12787
55219
44943
16022
46071
26575
54910
64295
56541
30932
55654
61179
67849
5383
37307
16398
68481
53909
21618
7226
43578
72620
49678
26944
46742
13495
71209
30683
43088
22399
5199
35383
8422
63205
53880
55352
56983
71231
24460
55914
29666
34310
72986
52925
19276
16823
47874
64159
72545
31852
66342
42742
63098
23107
26792
56154
63793
45008
66778
59290
53768
46863
7084
44577
35578
53052
21983
49522
54650
3946
33274
50076
19476
58112
47771
11339
19491
39080
51215
10634
59238
8616
30584
54744
14589
45520
70978
64690
43779
18679
58249
62192
18728
48091
67572
71618
30789
5238
6747
25112
10615
13499
11046
58439
18509
35009
20043
12189
54647
52159
50120
75758
70381
55062
56296
11284
49430
68242
13072
8248
53994
7184
19052
48804
58889
62734
21665
6297
30395
6527
3581
74925
52337
65730
17191
816
42286
33493
394
47938
72621
24337
6170
40687
54374
39985
12860
49708
10381
51054
24299
76446
5203
18858
7897
70155
5471
47119
42536
52123
32080
63730
63511
55898
7250
7067
20092
72800
11885
25491
70335
4950
5083
208
4406
68386
54890
27070
15479
21378
7963
11239
8611
14544
17481
76224
49565
17048
48377
52975
74566
47415
66009
24887
40118
8989
19039
56649
58873
2241
16009
16669
34319
32290
54097
57721
20288
41161
50163
21736
72759
19422
45187
42247
8227
18986
27902
41959
14152
10781
37341
2432
51513
40155
39179
21875
44041
44614
59171
21030
26730
41252
53209
29779
40426
44560
73717
71067
68656
41816
36288
40498
16881
16766
54991
27367
41745
42898
65488
27104
22650
13462
1628
54111
74637
17935
6802
17330
13404
46971
69032
16293
20237
23586
15076
67723
76732
18537
14370
51980
4638
54046
11120
75533
41488
35434
37583
22142
30680
16141
12115
48773
40713
28163
2072
13944
59320
61123
54797
67213
38490
50440
7008
22835
30913
67933
38254
61351
76401
15732
56350
14617
11279
28160
39818
58922
76079
49062
26430
54227
11781
61555
71539
20530
2424
16938
13120
33282
21185
76140
44492
36630
20336
21131
49294
39615
10725
51559
54547
66147
7074
14939
5060
49253
17998
40699
22234
76487
66668
33608
4251
21666
64118
24560
24198
65690
12435
25990
61835
69249
46027
47744
61255
23602
69344
44313
57567
30091
73736
56939
18289
53888
59372
56793
51676
18181
16802
36842
72014
6937
60177
23991
46421
51621
67415
41976
24032
44607
14875
20780
41548
46135
59178
30767
68805
20873
55179
12839
55971
66156
46151
41450
60906
24080
42847
2099
65702
26357
21925
30642
65682
68477
34243
51604
11458
15084
49256
45729
40100
7029
47111
56479
70170
37715
47263
51982
57472
22918
65195
59747
36343
24146
46824
49628
72373
74685
60454
41780
42569
10567
5796
68187
44859
51562
72713
10512
58320
10750
72638
20674
63131
32794
42177
57490
45750
37725
56781
23341
66467
20274
46394
1666
61237
61786
10467
19988
72337
1573
12376
17713
60536
29999
46537
55302
61682
25346
39210
10068
11901
31635
2762
51146
36056
16512
25434
68671
2168
66018
70878
25564
30797
47339
64037
75099
43765
23558
14224
1766
16418
66947
71634
5837
33970
59540
62263
19774
42618
16081
47298
26678
20378
22334
31620
62394
46475
75302
56072
13249
10239
57106
74932
34210
7508
51624
52945
52699
46775
48131
12956
8877
8894
3778
29659
74703
21068
28494
76650
39030
11076
48942
7743
69660
33718
73724
13443
72141
53116
46754
48731
2487
61860
69214
57613
11703
30814
55523
22517
33045
61018
34654
12043
56827
36909
33677
52057
1637
38761
2917
26036
45556
59774
49541
75207
24478
39004
58087
11118
42208
33722
47366
35621
71271
45270
7058
12214
48469
48891
69001
26156
57954
6925
63698
46166
54276
19847
65623
21249
31558
63507
1890
76382
23913
16971
33819
49639
69770
48800
14159
66573
52403
71541
2280
27996
69956
39505
64590
61045
45684
76314
8573
71044
20968
15645
29562
21276
28184
39457
75769
56318
42187
45244
22607
44054
44863
48606
54639
65179
12934
32583
65608
49601
49024
43171
27345
5771
10999
9108
35389
47180
31525
43768
73804
54986
22293
47262
48557
22367
72207
7948
75507
34101
4553
18067
30508
60137
24690
37938
17442
11302
4433
35807
66052
31778
46964
72320
11151
72347
63532
26822
20761
5651
32403
25740
28328
48695
14518
64659
13138
49373
37507
68188
29450
1074
46190
6495
36723
21910
46728
50020
28705
58508
36145
67834
70336
10501
63078
21851
48704
73273
60220
71635
11315
70369
48206
38174
42625
6066
38672
20166
24742
37569
30799
40748
50160
2925
62334
3683
76924
17560
50651
1928
44422
28110
54594
54405
19337
31430
4233
54429
10488
50607
73676
44822
36726
9075
76882
17370
14132
26427
3285
20091
52016
56927
5474
62830
62663
768
15524
61813
67064
63672
15539
7763
43514
52811
76288
29511
43872
3826
64301
72411
29934
72038
26085
21299
27169
63736
59306
15831
69343
46057
37248
50149
63468
57050
12704
66407
62147
2745
9701
51279
56394
22640
36961
24861
18385
28627
6631
48266
59414
63269
32039
55975
6077
74802
66383
51092
19680
56220
73836
13981
171
491
74198
67565
66995
31690
58010
20081
58316
54536
16862
47941
65828
15569
30882
27970
13875
71772
65597
3114
44004
72452
53222
65446
23222
15737
2506
62554
14406
65789
23078
31617
62937
16008
27176
60663
54857
67381
75865
19410
8426
14621
46494
33837
44668
5689
2970
31253
13584
48177
4212
6681
64147
28766
66405
34472
16215
2125
23067
56206
22841
34636
29364
9320
9886
35151
5151
37827
20468
56468
35167
61083
71790
57136
69504
76148
43285
9495
7312
69734
8752
8202
57920
46938
38438
40445
28269
65615
67578
47148
29492
29523
46451
28073
69421
50611
50629
60155
5932
44762
70254
22207
26169
11267
43540
29584
52672
40767
76809
24965
22772
16482
51310
62868
60189
44277
3781
40836
56299
67453
38317
72217
70374
4087
10259
31243
656
27710
16375
32504
57551
8625
45868
65713
73661
24666
25984
29692
49223
19461
1900
43330
37708
63723
35713
25072
41839
6330
32747
76290
16309
72996
32884
72674
40444
41957
10754
55430
54329
42960
54712
9938
6314
32334
19459
12515
13922
70436
19683
2191
101
9567
32199
73252
72371
65613
23185
59802
50819
37385
43934
11728
26011
49904
59804
25690
31720
26645
70814
41432
7662
50914
51990
47869
66740
10913
49113
69737
60914
33338
10100
23443
69795
75868
52911
72042
65593
75530
42662
27797
56999
3269
237
58750
71968
19001
45524
55777
72130
34901
66121
20586
3239
51511
38047
62952
64754
66466
47756
74173
3496
24974
4701
48706
44923
7192
64524
17408
63095
24859
30768
59530
2665
57074
53535
72073
42480
62434
43031
48185
37261
67340
63486
18985
19805
76976
62629
30391
62840
13312
5693
5397
30853
47083
28140
55227
54208
64113
31314
72987
22737
4238
28503
20842
39201
44843
38111
38200
49753
36985
36835
48890
37000
49689
70702
22099
2140
10291
76136
49420
1547
8150
7742
67310
31025
44170
27577
70825
69529
67984
27985
46039
14650
40362
25357
76271
44699
37647
15245
36483
26810
47713
16672
1770
27319
39146
37023
57372
34814
890
23794
47767
28550
15477
16807
33099
55245
2579
64971
8405
524
33050
21275
22736
41024
2436
13187
12439
63936
75568
54963
17637
29363
57076
42872
50309
69557
15944
11922
50667
74958
56776
40545
29579
54440
41383
32051
72497
9311
72434
8285
36257
74501
71810
6708
15728
53371
50769
44716
50242
27716
44735
3095
61252
57979
3209
75348
31053
24936
39419
12000
2384
34735
15958
44445
27404
43674
11113
76475
67193
32146
61843
21943
26665
12444
74123
15282
44346
35164
30270
47034
55421
7435
41578
60081
69272
38484
32476
45363
5729
40765
69078
64907
2627
7265
10077
54902
31358
659
31693
41776
14710
64800
56
57728
47601
18277
68957
64732
22799
45739
64798
65533
21038
41189
41605
57094
60726
24495
62235
38691
66809
74986
36062
1096
50231
48599
71879
75006
18823
53398
61120
69616
69605
2953
29747
9672
10825
34353
927
7409
48174
19357
75678
76687
21625
63826
4449
57359
37512
39809
34397
46864
14972
67614
7867
2755
20245
30586
76572
71990
41533
47248
9953
